8.081305235037080648e-01 1.918694764962917687e-01
8.437952513955666589e-01 1.562047486044334799e-01
3.854548457698229180e-01 6.145451542301770820e-01
2.777518560148499183e-01 7.222481439851499152e-01
7.211572191163803103e-01 2.788427808836196897e-01
7.756953248543158042e-02 9.224304675145684751e-01
1.448885761787321036e-01 8.551114238212678131e-01
6.463353079996976558e-02 9.353664692000301928e-01
8.695331098099124967e-01 1.304668901900877254e-01
7.199990580551945962e-01 2.800009419448054038e-01
4.822788676465813995e-01 5.177211323534185450e-01
8.044501990584923545e-01 1.955498009415077287e-01
5.561202095520586530e-01 4.438797904479416245e-01
7.176718240257575765e-01 2.823281759742423125e-01
3.032077453190496624e-02 9.696792254680948187e-01
6.431242668947907415e-01 3.568757331052093695e-01
6.555568294639338434e-02 9.344443170536066434e-01
5.088588802381777132e-01 4.911411197618222868e-01
8.263369230252620712e-01 1.736630769747379843e-01
4.561221634003468361e-01 5.438778365996530528e-01
8.658571768966775162e-01 1.341428231033227059e-01
3.347027745715835390e-01 6.652972254284164055e-01
7.572343796317527742e-01 2.427656203682471703e-01
5.969289267229593854e-01 4.030710732770406146e-01
7.419263221328342706e-01 2.580736778671657294e-01
5.684722926724189440e-02 9.431527707327581611e-01
1.973323830087883590e-01 8.026676169912115855e-01
7.761930545717268259e-01 2.238069454282733683e-01
2.607771257613593074e-01 7.392228742386405260e-01
5.137681703923807630e-01 4.862318296076194590e-01
8.540731308331139804e-01 1.459268691668860196e-01
3.475634497341356655e-01 6.524365502658644456e-01
8.950858063685828148e-01 1.049141936314173101e-01
4.255494594353131377e-01 5.744505405646869178e-01
7.406681232648552049e-01 2.593318767351449616e-01
4.119811809015450077e-01 5.880188190984549923e-01
1.288676427258229062e-01 8.711323572741771493e-01
6.347472939070650799e-01 3.652527060929349201e-01
7.972088219315255353e-01 2.027911780684743537e-01
6.221033865581547806e-01 3.778966134418452749e-01
7.934337844801127027e-01 2.065662155198872696e-01
7.473535318773085745e-01 2.526464681226913145e-01
6.465468254036297324e-01 3.534531745963702676e-01
9.273363758364355780e-01 7.266362416356444975e-02
1.014092738341764444e-01 8.985907261658236944e-01
8.204400635660216157e-01 1.795599364339784398e-01
4.730169374492924073e-01 5.269830625507075927e-01
8.767248499096917946e-01 1.232751500903080943e-01
3.882863100789324395e-01 6.117136899210674494e-01
9.517034756701212572e-01 4.829652432987873584e-02
8.176709501967140969e-01 1.823290498032859586e-01
7.616166642884867333e-01 2.383833357115132945e-01
2.369379046265533972e-01 7.630620953734466028e-01
4.094064601090864342e-01 5.905935398909134548e-01
1.821017894820881611e-01 8.178982105179117834e-01
2.811507334023760074e-01 7.188492665976238261e-01
6.797454902956741041e-01 3.202545097043260625e-01
7.302403204313763219e-01 2.697596795686237892e-01
7.906605270855361356e-01 2.093394729144637811e-01
1.135416389495861322e-01 8.864583610504139788e-01
7.702392052946179790e-01 2.297607947053822153e-01
8.139190228040079633e-01 1.860809771959920367e-01
8.909110877113943783e-01 1.090889122886056634e-01
2.165680280258744927e-01 7.834319719741256183e-01
4.593941218596665488e-01 5.406058781403335622e-01
3.448105412214003129e-01 6.551894587785995760e-01
4.547067146242446123e-01 5.452932853757553877e-01
9.099973928876962104e-01 9.000260711230380350e-02
4.176579942241809840e-01 5.823420057758190715e-01
8.805052480771157208e-01 1.194947519228843763e-01
5.403742024742916872e-01 4.596257975257082573e-01
6.539750161970565578e-01 3.460249838029434422e-01
2.601636592546577656e-02 9.739836340745342547e-01
8.252953084464683675e-01 1.747046915535316047e-01
6.926117614908907649e-01 3.073882385091093461e-01
7.652585087296819299e-01 2.347414912703181533e-01
8.281637797649584742e-01 1.718362202350415535e-01
5.491838988378940911e-01 4.508161011621061864e-01
3.899860706708903613e-01 6.100139293291095832e-01
2.669871498853891856e-01 7.330128501146108144e-01
7.584555557378930279e-01 2.415444442621071663e-01
7.617213028207047154e-01 2.382786971792952013e-01
2.980916421956756324e-01 7.019083578043242566e-01
2.155523923562266686e-01 7.844476076437731926e-01
8.096399653568432386e-01 1.903600346431565393e-01
6.897716712885006152e-02 9.310228328711498413e-01
5.194385890681256779e-01 4.805614109318743221e-01
6.699068555456096918e-01 3.300931444543903637e-01
4.673623179638460856e-01 5.326376820361539144e-01
5.000000000000000000e-01 5.000000000000000000e-01
7.437848715194464999e-01 2.562151284805534446e-01
1.489354105535034833e-01 8.510645894464966554e-01
4.123035941356493206e-01 5.876964058643506794e-01
2.682493597421668485e-01 7.317506402578328739e-01
2.632548354802651258e-01 7.367451645197350407e-01
7.798556666551393901e-01 2.201443333448605821e-01
8.493559365876744982e-01 1.506440634123257238e-01
4.439116165882950882e-01 5.560883834117049673e-01
2.173852088720538978e-01 7.826147911279458524e-01
1.186887409443106722e-01 8.813112590556894110e-01
8.971042788814345137e-01 1.028957211185653892e-01
4.003744694571966800e-01 5.996255305428032090e-01
9.004008986212337362e-01 9.959910137876634706e-02
5.412764686122577551e-01 4.587235313877421894e-01
1.981204469816139346e-01 8.018795530183859821e-01
8.077314321710038492e-01 1.922685678289960398e-01
1.829016810724596875e-01 8.170983189275402570e-01
4.173371711691167274e-01 5.826628288308833836e-01
6.710119764309606383e-02 9.328988023569039223e-01
8.072486782052972210e-01 1.927513217947026680e-01
2.776549322694987221e-01 7.223450677305013334e-01
2.010011764146577284e-01 7.989988235853423548e-01
4.774762080801753794e-01 5.225237919198245651e-01
7.580576771240602474e-01 2.419423228759397804e-01
3.639215023868481169e-01 6.360784976131518276e-01
7.615253024073413979e-01 2.384746975926585466e-01
3.864370757899588393e-01 6.135629242100412162e-01
4.416565194024295593e-01 5.583434805975703297e-01
6.024842827249018429e-01 3.975157172750982126e-01
6.286874539643766413e-02 9.371312546035622804e-01
8.767018431981952187e-01 1.232981568018048923e-01
3.550215558879959432e-01 6.449784441120040013e-01
9.201308666477339138e-01 7.986913335226621113e-02
6.441701636118857266e-01 3.558298363881144399e-01
5.889935524994516225e-01 4.110064475005482665e-01
6.428384782358888272e-02 9.357161521764113532e-01
6.431260182409711534e-01 3.568739817590287355e-01
5.647239887614958764e-01 4.352760112385042901e-01
5.565812747123972670e-01 4.434187252876028995e-01
2.120835797117961163e-01 7.879164202882037449e-01
8.786892205248073573e-01 1.213107794751927399e-01
4.375485355723691128e-01 5.624514644276308317e-01
7.828635783634909640e-01 2.171364216365092581e-01
4.540875455086482160e-01 5.459124544913515065e-01
5.624408120103694397e-01 4.375591879896306158e-01
8.257031373819668785e-01 1.742968626180333991e-01
8.672047823839530434e-01 1.327952176160469011e-01
8.015196946265155109e-01 1.984803053734844613e-01
7.256807601945354236e-01 2.743192398054644654e-01
8.147979922902940375e-01 1.852020077097058792e-01
1.662908592179901668e-01 8.337091407820098610e-01
4.680637153907659526e-02 9.531936284609231480e-01
3.924426742492744258e-01 6.075573257507256297e-01
8.860728558890967888e-01 1.139271441109032112e-01
8.970974007867116296e-01 1.029025992132886203e-01
5.740590171882534731e-01 4.259409828117465824e-01
3.838536794763082183e-01 6.161463205236918927e-01
2.254388105036947976e-01 7.745611894963052579e-01
7.100651834838807019e-01 2.899348165161191315e-01
7.594762057726459625e-01 2.405237942273540930e-01
3.947998577145705457e-01 6.052001422854295098e-01
1.816163269460470964e-01 8.183836730539529869e-01
8.720308096888659266e-01 1.279691903111340456e-01
7.244862522391740667e-01 2.755137477608259333e-01
7.232376457984938112e-01 2.767623542015059668e-01
3.818552367862742547e-01 6.181447632137259118e-01
4.757215726732743621e-01 5.242784273267255823e-01
1.291940683166954984e-01 8.708059316833046681e-01
2.732685834644848488e-01 7.267314165355149846e-01
3.999074965131307335e-01 6.000925034868691554e-01
2.390721999865691449e-01 7.609278000134309661e-01
1.574905066000144571e-01 8.425094933999855984e-01
7.490757285337900084e-01 2.509242714662099916e-01
6.159893883471324605e-01 3.840106116528674840e-01
9.122347518119321430e-01 8.776524818806784312e-02
8.802103286103443169e-01 1.197896713896555859e-01
8.599935781518472933e-01 1.400064218481527900e-01
2.511805887003602522e-01 7.488194112996395813e-01
8.833314249830561682e-01 1.166685750169436098e-01
2.340184239102682529e-01 7.659815760897318304e-01
8.699825426393285044e-01 1.300174573606713291e-01
8.787292523198813043e-01 1.212707476801186679e-01
4.779518101693271959e-01 5.220481898306728041e-01
5.710362624287830258e-01 4.289637375712169187e-01
1.731333624149132000e-01 8.268666375850868278e-01
6.528035752968627259e-01 3.471964247031372186e-01
3.308841545352316227e-01 6.691158454647679887e-01
3.494236901921284888e-01 6.505763098078714002e-01
4.251106366838443007e-01 5.748893633161556993e-01
7.885223972283925686e-01 2.114776027716076257e-01
1.074725852851038527e-01 8.925274147148962722e-01
9.382390778193265835e-01 6.176092218067334022e-02
7.099912048672830656e-01 2.900087951327171565e-01
6.050489363114287533e-01 3.949510636885712467e-01
1.126093892548836045e-01 8.873906107451163816e-01
2.855416825790420554e-01 7.144583174209578891e-01
7.584053814113677072e-01 2.415946185886322650e-01
2.998115854939545910e-01 7.001884145060455200e-01
6.967174010736036927e-01 3.032825989263962518e-01
7.580811780102172381e-01 2.419188219897827341e-01
6.178384562042658068e-01 3.821615437957341377e-01
1.446902597100991616e-01 8.553097402899006996e-01
1.099446636284815010e-01 8.900553363715185684e-01
4.688759755484300795e-01 5.311240244515698095e-01
8.356849622537781963e-01 1.643150377462218870e-01
5.402349737203852031e-01 4.597650262796147969e-01
8.243353885543127646e-01 1.756646114456870689e-01
6.193367002480808930e-02 9.380663299751920148e-01
4.447841546527641632e-01 5.552158453472360033e-01
1.894586727095323719e-01 8.105413272904674615e-01
2.906978820934777996e-01 7.093021179065220894e-01
7.121409499789617126e-01 2.878590500210386760e-01
1.348294472010838907e-01 8.651705527989160815e-01
1.168301026660480274e-01 8.831698973339519032e-01
7.222338296235034649e-01 2.777661703764965351e-01
5.000000000000000000e-01 5.000000000000000000e-01
6.022988679211104257e-01 3.977011320788895743e-01
7.863985963988191497e-01 2.136014036011810169e-01
7.904982468984618205e-01 2.095017531015379575e-01
7.862422896345965251e-01 2.137577103654037247e-01
5.176316212415978807e-02 9.482368378758400107e-01
3.198378990374903252e-01 6.801621009625097303e-01
7.779137005724247045e-01 2.220862994275753788e-01
7.989422470749428795e-01 2.010577529250571205e-01
1.787859742332940927e-01 8.212140257667061016e-01
4.313591211225807354e-01 5.686408788774194312e-01
1.629071385781221959e-01 8.370928614218778874e-01
3.855183202049224933e-01 6.144816797950773957e-01
7.929751046892686839e-01 2.070248953107314549e-01
8.942392674522402496e-01 1.057607325477596533e-01
8.154452579077304808e-01 1.845547420922696025e-01
6.091199925308958818e-01 3.908800074691041182e-01
9.253661420078059807e-01 7.463385799219425520e-02
8.761607230602056484e-01 1.238392769397942544e-01
5.384657595029104238e-01 4.615342404970896317e-01
1.399304974982679695e-01 8.600695025017320861e-01
4.018894324882171243e-01 5.981105675117828202e-01
4.416868331444323559e-01 5.583131668555676441e-01
5.481585162255878663e-01 4.518414837744122448e-01
3.525260513732662027e-01 6.474739486267337973e-01
6.482589664174922550e-01 3.517410335825078005e-01
8.162685745490851907e-01 1.837314254509149203e-01
7.831602978206581023e-01 2.168397021793418977e-01
4.259889720090607734e-01 5.740110279909391711e-01
1.907067132870756132e-01 8.092932867129241092e-01
7.051221142983419288e-01 2.948778857016582933e-01
4.516252479171777301e-01 5.483747520828223809e-01
9.164761466441374571e-01 8.352385335586258452e-02
7.831010232892480216e-01 2.168989767107520061e-01
5.455935155841903361e-01 4.544064844158098859e-01
6.101662112007368854e-01 3.898337887992633921e-01
7.435129293001485618e-01 2.564870706998514382e-01
1.772687524442513873e-01 8.227312475557485572e-01
5.962995318689159330e-01 4.037004681310842336e-01
4.550181188880491612e-01 5.449818811119507833e-01
8.145388500074475235e-01 1.854611499925522822e-01
5.358806566926197501e-01 4.641193433073803609e-01
5.234796782206757593e-01 4.765203217793244073e-01
6.568107463172287996e-01 3.431892536827713114e-01
3.894877554162788358e-01 6.105122445837212197e-01
5.283432170958940466e-01 4.716567829041058424e-01
4.066306802005384413e-01 5.933693197994615032e-01
8.144840304429783462e-01 1.855159695570214873e-01
5.771812455667845176e-01 4.228187544332155934e-01
8.969965444289517142e-01 1.030034555710482441e-01
1.543463363388486165e-01 8.456536636611514668e-01
1.081193221430525597e-01 8.918806778569475791e-01
6.276782154840211403e-01 3.723217845159788597e-01
7.691669504473602759e-02 9.230833049552641389e-01
8.317377888902511840e-01 1.682622111097488438e-01
6.927330513498421993e-01 3.072669486501579117e-01
9.123217519998449987e-01 8.767824800015495967e-02
8.127856708022539456e-01 1.872143291977460544e-01
5.190772626133225431e-01 4.809227373866774569e-01
5.847993646813425261e-01 4.152006353186575849e-01
8.219731275408778126e-01 1.780268724591220764e-01
7.895965473314842109e-01 2.104034526685157891e-01
8.216603296112819921e-01 1.783396703887179524e-01
8.006979661643076618e-01 1.993020338356922827e-01
5.643933702962012910e-01 4.356066297037987090e-01
8.805519194242756864e-01 1.194480805757242720e-01
8.298514225805944111e-01 1.701485774194055889e-01
7.283958614037016055e-01 2.716041385962985610e-01
4.523988154971348985e-01 5.476011845028653235e-01
7.321796100333384238e-01 2.678203899666613541e-01
4.263249569852019527e-01 5.736750430147982138e-01
6.404753393245730120e-01 3.595246606754268215e-01
2.162549974362861782e-01 7.837450025637135997e-01
3.397967471680980456e-01 6.602032528319018434e-01
8.351713630583186276e-01 1.648286369416811781e-01
6.089142683930368616e-01 3.910857316069630274e-01
4.649659322843081033e-01 5.350340677156918412e-01
8.333781315225807784e-01 1.666218684774189440e-01
6.704221113226839224e-01 3.295778886773162442e-01
8.815542635506284919e-01 1.184457364493715081e-01
6.800040729236511705e-01 3.199959270763490515e-01
4.411858774100055891e-01 5.588141225899944109e-01
9.134668723397603163e-01 8.653312766023968372e-02
2.313568885225979754e-01 7.686431114774020523e-01
4.504093325754237043e-01 5.495906674245762957e-01
9.014217435945205414e-01 9.857825640547941692e-02
6.427318711545764174e-01 3.572681288454235271e-01
7.458540874144525823e-02 9.254145912585548528e-01
3.127367533228684882e-01 6.872632466771315674e-01
8.410865426813038948e-01 1.589134573186959942e-01
3.495674012095678074e-01 6.504325987904320261e-01
9.569065704113717263e-01 4.309342958862816958e-02
4.663077392025673507e-01 5.336922607974324828e-01
3.611445861205037078e-01 6.388554138794962922e-01
7.603477862667424869e-01 2.396522137332572355e-01
7.096147294231199831e-01 2.903852705768801279e-01
8.634913457299067119e-01 1.365086542700932881e-01
7.791240431199945027e-01 2.208759568800055528e-01
8.565676270902230494e-01 1.434323729097768951e-01
1.118398225762791270e-01 8.881601774237207758e-01
3.109870471298440964e-01 6.890129528701558481e-01
8.876973472374578567e-01 1.123026527625421017e-01
3.238949555332011898e-01 6.761050444667986437e-01
4.165847367158967973e-01 5.834152632841034247e-01
6.635336400742807283e-01 3.364663599257193272e-01
6.599875314967248441e-01 3.400124685032752114e-01
6.256860456574551144e-01 3.743139543425447746e-01
8.897643088683044876e-01 1.102356911316956095e-01
5.300740085737771778e-01 4.699259914262227111e-01
7.896003882413622499e-01 2.103996117586377501e-01
2.856790127744097685e-01 7.143209872255900095e-01
1.674175782086965714e-01 8.325824217913035952e-01
4.728277704489597388e-01 5.271722295510402612e-01
1.348058612707570825e-01 8.651941387292430008e-01
2.744258834762451360e-01 7.255741165237549195e-01
6.192566638479224395e-01 3.807433361520773940e-01
3.586546072335357049e-01 6.413453927664644061e-01
8.988817038771919343e-02 9.101118296122808760e-01
6.813507736207278231e-01 3.186492263792720103e-01
7.533004244251489956e-01 2.466995755748508934e-01
8.182327710853721792e-01 1.817672289146278208e-01
7.503019472358948283e-01 2.496980527641054770e-01
3.746911939771174760e-01 6.253088060228826350e-01
7.568456705372158533e-01 2.431543294627840912e-01
8.638009298762686639e-01 1.361990701237311419e-01
8.616029522113967110e-01 1.383970477886030948e-01
8.389374563059571743e-01 1.610625436940426591e-01
7.074168771047810722e-01 2.925831228952188168e-01
6.781056123080745346e-01 3.218943876919257985e-01
3.661918727159474418e-01 6.338081272840526692e-01
9.197219191867153643e-02 9.080278080813285468e-01
8.719584598367376982e-01 1.280415401632622463e-01
5.821862333404518308e-01 4.178137666595480582e-01
2.792000295100751650e-01 7.207999704899250570e-01
7.240322733710183867e-01 2.759677266289813913e-01
6.100525592227434846e-01 3.899474407772565154e-01
8.954852639610625387e-01 1.045147360389373919e-01
1.445844829348648941e-01 8.554155170651350781e-01
2.351073973003611484e-01 7.648926026996385463e-01
1.728521414227169595e-01 8.271478585772831238e-01
1.080386905317616691e-01 8.919613094682384835e-01
5.000000000000000000e-01 5.000000000000000000e-01
7.243711384576975165e-01 2.756288615423022614e-01
2.640579010030196239e-01 7.359420989969803761e-01
1.306397882728855264e-01 8.693602117271144181e-01
2.984682092605263626e-01 7.015317907394735819e-01
4.915790570986321995e-01 5.084209429013678561e-01
4.511036212670759271e-01 5.488963787329239619e-01
2.318600299313587354e-01 7.681399700686410981e-01
8.770583728267461465e-02 9.122941627173252188e-01
7.545839296407220731e-01 2.454160703592780934e-01
3.123449827383327770e-01 6.876550172616672230e-01
8.269482644457974985e-01 1.730517355542025570e-01
1.537157957914856987e-01 8.462842042085142458e-01
1.795359409559896605e-02 9.820464059044008431e-01
4.794824591213009968e-01 5.205175408786989477e-01
8.048133534583176152e-01 1.951866465416823015e-01
5.867781493183810149e-01 4.132218506816188741e-01
8.191733914921944804e-01 1.808266085078055752e-01
5.157484611001558195e-01 4.842515388998440695e-01
8.679049221366051947e-01 1.320950778633944445e-01
4.300005337390028215e-01 5.699994662609972895e-01
9.447767771637061163e-02 9.055223222836292774e-01
9.377924885731279969e-02 9.062207511426872975e-01
8.600611788058750706e-01 1.399388211941249294e-01
1.085568873426107084e-01 8.914431126573892916e-01
4.475000299101392076e-01 5.524999700898607369e-01
6.648582495623889255e-01 3.351417504376111300e-01
6.114241309749414155e-01 3.885758690250586400e-01
3.930241091077981697e-01 6.069758908922018303e-01
5.549049851482404927e-01 4.450950148517592853e-01
1.059094335730415837e-01 8.940905664269584996e-01
2.729176234186601047e-01 7.270823765813398953e-01
8.580035305494900788e-01 1.419964694505096992e-01
6.055373644082259199e-01 3.944626355917741911e-01
8.389832981366054376e-01 1.610167018633945069e-01
7.256630450812858735e-01 2.743369549187142376e-01
8.275569250422923906e-01 1.724430749577076372e-01
7.805543248674808865e-01 2.194456751325190857e-01
8.387316128027426654e-01 1.612683871972572791e-01
4.310243406223185358e-01 5.689756593776816862e-01
8.911706035627449118e-01 1.088293964372551020e-01
2.091817620492540941e-01 7.908182379507457949e-01
4.580800356036239807e-01 5.419199643963760193e-01
8.717351911209163529e-01 1.282648088790838414e-01
1.113430461440571007e-01 8.886569538559428993e-01
9.185306943623208209e-01 8.146930563767929012e-02
2.170365020386880450e-01 7.829634979613118162e-01
4.072478262441271979e-01 5.927521737558728576e-01
1.515959218777720718e-01 8.484040781222279559e-01
8.771527342492854151e-01 1.228472657507146681e-01
7.173845969464713868e-01 2.826154030535287243e-01
6.420801964350221214e-01 3.579198035649779897e-01
5.917032398706604246e-01 4.082967601293396309e-01
7.866692579521904483e-01 2.133307420478096905e-01
7.894142888204153108e-01 2.105857111795847725e-01
2.336634921913053053e-01 7.663365078086944449e-01
3.571985762957872734e-01 6.428014237042126711e-01
9.112178123821406128e-01 8.878218761785941493e-02
2.917165215671558842e-01 7.082834784328441158e-01
8.305912765479659399e-01 1.694087234520340601e-01
2.002065646733348359e-01 7.997934353266653584e-01
8.962047390574466865e-01 1.037952609425533829e-01
8.143145884219054054e-01 1.856854115780945391e-01
1.053622697141472081e-01 8.946377302858528058e-01
5.000000000000000000e-01 5.000000000000000000e-01
3.008725932635612499e-01 6.991274067364389166e-01
6.770019859712611554e-01 3.229980140287387891e-01
8.673814413228515541e-01 1.326185586771484182e-01
1.411190926903181930e-01 8.588809073096820290e-01
8.659756883662115268e-01 1.340243116337884455e-01
3.639367733669529037e-01 6.360632266330471518e-01
4.432276128811979965e-01 5.567723871188019480e-01
8.498683357446575048e-02 9.150131664255343189e-01
6.843801930557138480e-01 3.156198069442861520e-01
5.000000000000000000e-01 5.000000000000000000e-01
8.561467099563022654e-01 1.438532900436977624e-01
6.406427255688358358e-01 3.593572744311642753e-01
5.378425912223769867e-01 4.621574087776229578e-01
7.326694937504485416e-01 2.673305062495516804e-01
6.063905189812178742e-01 3.936094810187819593e-01
8.040793180767267234e-01 1.959206819232732211e-01
9.123881942929726874e-01 8.761180570702734038e-02
8.752737003345174571e-01 1.247262996654827372e-01
9.038365013031715023e-01 9.616349869682862261e-02
8.619667651217726156e-01 1.380332348782273844e-01
7.313754191308360353e-01 2.686245808691637427e-01
2.553622256494644804e-01 7.446377743505356861e-01
3.651616151475945427e-01 6.348383848524055129e-01
8.737954936749495749e-01 1.262045063250506471e-01
8.493479862124232449e-01 1.506520137875770049e-01
3.296212164766830766e-01 6.703787835233169234e-01
3.054593405304454889e-01 6.945406594695542335e-01
2.938166736243882915e-01 7.061833263756116530e-01
8.610127188532225029e-01 1.389872811467776637e-01
8.565123022764778993e-01 1.434876977235222395e-01
3.148209176320549973e-01 6.851790823679450027e-01
6.287722264724565635e-01 3.712277735275433810e-01
9.100828791166726273e-01 8.991712088332748376e-02
3.300074147867206875e-01 6.699925852132793125e-01
4.070681851613600633e-01 5.929318148386397702e-01
5.748654364767451508e-01 4.251345635232549602e-01
3.204615959066357544e-01 6.795384040933643011e-01
8.307152309738055074e-01 1.692847690261944926e-01
8.426825987775339311e-01 1.573174012224661245e-01
6.589960039720673679e-01 3.410039960279325766e-01
6.035781494075648235e-01 3.964218505924350655e-01
7.508238134207374515e-01 2.491761865792625485e-01
9.303703391359661179e-01 6.962966086403372945e-02
3.842443635577736383e-01 6.157556364422263062e-01
8.014873779949696075e-01 1.985126220050304757e-01
2.237064865100644173e-01 7.762935134899355827e-01
7.928833930937069230e-01 2.071166069062931325e-01
7.115461300803460620e-01 2.884538699196538269e-01
9.045238060270552327e-02 9.095476193972946710e-01
8.534567082436979035e-01 1.465432917563021797e-01
5.826806515730765801e-01 4.173193484269235309e-01
3.594804497764688689e-01 6.405195502235310201e-01
2.082690005260048605e-01 7.917309994739949452e-01
5.076408002290012655e-01 4.923591997709987900e-01
2.404941801681046987e-01 7.595058198318952458e-01
5.897996892182891804e-01 4.102003107817108196e-01
5.192844126816958950e-01 4.807155873183040495e-01
7.366445657134217395e-01 2.633554342865783160e-01
8.469359721147775577e-01 1.530640278852224423e-01
5.884240043278037291e-01 4.115759956721961599e-01
6.585908330566782043e-01 3.414091669433217402e-01
5.708954396559183797e-01 4.291045603440816203e-01
2.424225216465077104e-01 7.575774783534924284e-01
7.225320618399536654e-01 2.774679381600464456e-01
1.023301268563893140e-01 8.976698731436104639e-01
5.000000000000000000e-01 5.000000000000000000e-01
8.661659433076965842e-01 1.338340566923033881e-01
5.856782204296783201e-01 4.143217795703216799e-01
7.809863816362846434e-01 2.190136183637151346e-01
1.907805264475342655e-01 8.092194735524655957e-01
7.957005592605980171e-01 2.042994407394018996e-01
4.705304575446304094e-01 5.294695424553693686e-01
6.952251682096712848e-01 3.047748317903285487e-01
5.141869301359400790e-01 4.858130698640599210e-01
6.875334114205806646e-01 3.124665885794192799e-01
7.668886412654579710e-01 2.331113587345418903e-01
6.080883389530027383e-01 3.919116610469971507e-01
5.553484403414161719e-01 4.446515596585837726e-01
5.894078855387151483e-01 4.105921144612846851e-01
7.694175520537264168e-01 2.305824479462737220e-01
4.712333067598857284e-01 5.287666932401142716e-01
3.732472813067388429e-01 6.267527186932611016e-01
8.257743385448061968e-01 1.742256614551939975e-01
8.137496683246663032e-02 9.186250331675333003e-01
8.397485154488976145e-01 1.602514845511023300e-01
6.852589101830811602e-01 3.147410898169190063e-01
9.398685415023536605e-01 6.013145849764620077e-02
8.675202509421683361e-01 1.324797490578314141e-01
7.917695542518363716e-01 2.082304457481635174e-01
5.317139182644864404e-01 4.682860817355135041e-01
6.140089712139142897e-01 3.859910287860858213e-01
7.010701305922214521e-01 2.989298694077786034e-01
6.452305761099993431e-01 3.547694238900006014e-01
2.207155516430829231e-02 9.779284448356916348e-01
9.092342826013124490e-01 9.076571739868771749e-02
5.889438431201334812e-01 4.110561568798665744e-01
7.661165477680385028e-01 2.338834522319614972e-01
7.705148142697683111e-01 2.294851857302314946e-01
6.641287928075204627e-01 3.358712071924795373e-01
2.917131536168023342e-01 7.082868463831974992e-01
3.225409398865911603e-01 6.774590601134087287e-01
8.299120924413992961e-01 1.700879075586004818e-01
8.989586369261782783e-01 1.010413630738217078e-01
3.921004613595252541e-01 6.078995386404747459e-01
5.131618612649930800e-01 4.868381387350068645e-01
6.544536561841334255e-01 3.455463438158666301e-01
9.396708711118408885e-01 6.032912888815936819e-02
6.054322344731691841e-01 3.945677655268308714e-01
3.840002442481359468e-01 6.159997557518641642e-01
8.807916024880707573e-01 1.192083975119290068e-01
2.268258448690016749e-01 7.731741551309984084e-01
6.226645358280569198e-01 3.773354641719431912e-01
2.281072048465057900e-01 7.718927951534942933e-01
5.285897724353822991e-01 4.714102275646176454e-01
4.182577662294316712e-01 5.817422337705683288e-01
2.734445274391437142e-01 7.265554725608562858e-01
5.309286450816088632e-01 4.690713549183913034e-01
4.392136367695967381e-02 9.560786363230403540e-01
7.687834279935911175e-01 2.312165720064088270e-01
6.713002653670270270e-01 3.286997346329728620e-01
1.700181960026556638e-01 8.299818039973444472e-01
5.260033749924230007e-01 4.739966250075769993e-01
3.667529228751396086e-01 6.332470771248606134e-01
3.149441031035521421e-01 6.850558968964478579e-01
6.040370138105464193e-01 3.959629861894535252e-01
6.255670791517461415e-01 3.744329208482539140e-01
5.190310412238682281e-01 4.809689587761318830e-01
2.926724582547739484e-01 7.073275417452259406e-01
8.787472108940918014e-01 1.212527891059081708e-01
8.556489188624534226e-01 1.443510811375467717e-01
6.555847844160358484e-01 3.444152155839639851e-01
8.916137798185744812e-01 1.083862201814255327e-01
6.441704877226041015e-01 3.558295122773957320e-01
7.784271455362259395e-01 2.215728544637739494e-01
2.049195238942026209e-01 7.950804761057976844e-01
2.420914078876168496e-01 7.579085921123833725e-01
5.506696522664537019e-01 4.493303477335462981e-01
1.519168550024016795e-01 8.480831449975982927e-01
7.706350236020861333e-01 2.293649763979140888e-01
8.397146893099309839e-01 1.602853106900689328e-01
7.952398015500274919e-01 2.047601984499727301e-01
9.001468175922486825e-01 9.985318240775142851e-02
1.639692565857325812e-01 8.360307434142673078e-01
8.365844894437197699e-01 1.634155105562801469e-01
8.286425721776197184e-01 1.713574278223803371e-01
8.289542447107272061e-01 1.710457552892725164e-01
5.829979632428101965e-02 9.417002036757189387e-01
2.364035977631285534e-01 7.635964022368713078e-01
8.313955656215284151e-02 9.168604434378473389e-01
7.504234677522025887e-01 2.495765322477974391e-01
7.955651155684791975e-01 2.044348844315206915e-01
5.883130932254052592e-01 4.116869067745945743e-01
3.013654835133157128e-01 6.986345164866843982e-01
1.468546276589831057e-01 8.531453723410169498e-01
8.140726153093182926e-01 1.859273846906816241e-01
1.711637803338752206e-01 8.288362196661246406e-01
5.197570013889633855e-02 9.480242998611037031e-01
2.832459164339910102e-02 9.716754083566009337e-01
7.205424964329339987e-01 2.794575035670661678e-01
3.058713674341341227e-01 6.941286325658656553e-01
5.879670344928602521e-01 4.120329655071396924e-01
7.017751471616004988e-01 2.982248528383996122e-01
7.055133110406504038e-01 2.944866889593496517e-01
1.369010575739006974e-01 8.630989424260995246e-01
6.474933092893404574e-01 3.525066907106595981e-01
6.013443693055642303e-01 3.986556306944357697e-01
4.569835462751390964e-01 5.430164537248610701e-01
8.236292760484529296e-01 1.763707239515468761e-01
1.606639887684311041e-01 8.393360112315688681e-01
5.081787282436872610e-01 4.918212717563125724e-01
2.193276245067290464e-01 7.806723754932710646e-01
6.677504611286949610e-01 3.322495388713051501e-01
1.977272103072698628e-01 8.022727896927301927e-01
8.184332586742809612e-01 1.815667413257189833e-01
7.406285981322433543e-01 2.593714018677564792e-01
5.000000000000000000e-01 5.000000000000000000e-01
7.976459233139867600e-01 2.023540766860131290e-01
8.476368426806683010e-01 1.523631573193318933e-01
8.234343510992618853e-01 1.765656489007380314e-01
8.376778764779994058e-01 1.623221235220007885e-01
2.047672519128589108e-01 7.952327480871410614e-01
6.116193603772238641e-01 3.883806396227761915e-01
8.816060202092971254e-01 1.183939797907029856e-01
5.768703900967907527e-01 4.231296099032091362e-01
1.892854333583793569e-01 8.107145666416206709e-01
6.981523513130346581e-01 3.018476486869652864e-01
6.811506952237481594e-01 3.188493047762516741e-01
7.603592033563533192e-01 2.396407966436465697e-01
8.722224838916994294e-01 1.277775161083005706e-01
8.714460883594716822e-01 1.285539116405283178e-01
9.159647799998357209e-01 8.403522000016414029e-02
1.582871212899591429e-01 8.417128787100409681e-01
2.574470903216855011e-01 7.425529096783144434e-01
4.641572889760839371e-01 5.358427110239160074e-01
3.075098027346708229e-01 6.924901972653290105e-01
6.634747390330976158e-01 3.365252609669023842e-01
7.186617368679398821e-01 2.813382631320601179e-01
4.211150845294510670e-01 5.788849154705488775e-01
4.578536584914968399e-01 5.421463415085031601e-01
5.073223800897750380e-01 4.926776199102247955e-01
7.119064055301168592e-01 2.880935944698833073e-01
4.944280885471978304e-01 5.055719114528023361e-01
7.097623756259748840e-01 2.902376243740248940e-01
8.039746425570239996e-01 1.960253574429760004e-01
5.458602620257479998e-01 4.541397379742518892e-01
3.536866913088239084e-01 6.463133086911759806e-01
8.688067462521256168e-01 1.311932537478743555e-01
7.039776945414716325e-01 2.960223054585284785e-01
3.467422413973470507e-01 6.532577586026528937e-01
7.416990738192557053e-01 2.583009261807442947e-01
7.772155140233649728e-01 2.227844859766351937e-01
5.194077656819306998e-01 4.805922343180691891e-01
6.408333845599026857e-01 3.591666154400973143e-01
4.049935414391475641e-01 5.950064585608523249e-01
7.477482614840225139e-01 2.522517385159773751e-01
9.065779262733869581e-02 9.093422073726612487e-01
7.924593643248882824e-01 2.075406356751118842e-01
5.283860075607237361e-01 4.716139924392763749e-01
9.052454653061310363e-01 9.475453469386907468e-02
4.310387207466460646e-01 5.689612792533540464e-01
6.238543322538497859e-01 3.761456677461503251e-01
5.177887685738929990e-01 4.822112314261070010e-01
8.070734986899963381e-01 1.929265013100034398e-01
3.082131586989113603e-01 6.917868413010885842e-01
1.771977600294647459e-01 8.228022399705355872e-01
7.038293797356147685e-01 2.961706202643851205e-01
3.266735569863230548e-01 6.733264430136767231e-01
6.535033053503215283e-01 3.464966946496784717e-01
3.211871495711892677e-01 6.788128504288105658e-01
8.619872183781163155e-01 1.380127816218838788e-01
2.195612850473396271e-01 7.804387149526604839e-01
2.859642585313751373e-01 7.140357414686250292e-01
8.969551012160731362e-01 1.030448987839268360e-01
8.375914314849021158e-01 1.624085685150978564e-01
1.958034132658501847e-01 8.041965867341499541e-01
6.240019956588238603e-01 3.759980043411761952e-01
5.805961575311667788e-01 4.194038424688331101e-01
8.416019271411331326e-01 1.583980728588669229e-01
8.221072322024808310e-01 1.778927677975193633e-01
8.789825372569872730e-01 1.210174627430126854e-01
2.641909731602690714e-01 7.358090268397309286e-01
6.447831164830337691e-01 3.552168835169661754e-01
7.843529453552362529e-01 2.156470546447635805e-01
3.436864881511212527e-02 9.656313511848878539e-01
8.871623789828393392e-01 1.128376210171603694e-01
4.012941454156306875e-01 5.987058545843692015e-01
9.461656635641602087e-02 9.053834336435839791e-01
5.214808263880552630e-01 4.785191736119447370e-01
3.467377631137193994e-01 6.532622368862807116e-01
9.625241771875595043e-02 9.037475822812442994e-01
6.188228938237733123e-01 3.811771061762266322e-01
7.779248945767534007e-01 2.220751054232464883e-01
7.661868005534788750e-01 2.338131994465210417e-01
3.518163610316212275e-01 6.481836389683787170e-01
8.928090419862491078e-01 1.071909580137508505e-01
4.928053725656801887e-01 5.071946274343196448e-01
4.041465832461081376e-01 5.958534167538919180e-01
6.916460092101981427e-01 3.083539907898019128e-01
7.896341406861638879e-01 2.103658593138362509e-01
7.555726047151710700e-01 2.444273952848290687e-01
5.570754695465334194e-01 4.429245304534668026e-01
1.518856720497978874e-01 8.481143279502021404e-01
8.885807935208858144e-01 1.114192064791140330e-01
4.128607769418203843e-01 5.871392230581796712e-01
3.105403541416235647e-01 6.894596458583763798e-01
7.953605803965789756e-01 2.046394196034209967e-01
5.402558796768739402e-01 4.597441203231260598e-01
5.394640114949675880e-01 4.605359885050324120e-01
8.112726789853111908e-01 1.887273210146888092e-01
7.506080568532689234e-01 2.493919431467308268e-01
3.403157264796955461e-01 6.596842735203043429e-01
9.794684403712773657e-02 9.020531559628721663e-01
3.802248036217085736e-01 6.197751963782912599e-01
8.258203733001892033e-01 1.741796266998108522e-01
6.381943616564158539e-01 3.618056383435840906e-01
3.759353649519119323e-01 6.240646350480881788e-01
3.310639732889394393e-01 6.689360267110603386e-01
7.808616491518302616e-02 9.219138350848167240e-01
4.780116936933681560e-01 5.219883063066318440e-01
8.134810029761201378e-01 1.865189970238798900e-01
3.624035451109250405e-01 6.375964548890750150e-01
8.572902960638524306e-01 1.427097039361473751e-01
3.519278551227886243e-01 6.480721448772113202e-01
6.475546297302117171e-01 3.524453702697882274e-01
7.583698026655478763e-01 2.416301973344521792e-01
8.679109034704731718e-01 1.320890965295267727e-01
5.565146264584357461e-01 4.434853735415641984e-01
8.418401351719188019e-01 1.581598648280813091e-01
1.354159810161504329e-01 8.645840189838497336e-01
7.651476166703263804e-01 2.348523833296737862e-01
6.026880759821595657e-01 3.973119240178404343e-01
1.852423478664373679e-01 8.147576521335627708e-01
7.839289600774029809e-01 2.160710399225967970e-01
3.312812992171305093e-01 6.687187007828693242e-01
8.474044789638304209e-01 1.525955210361693570e-01
2.275708726072836752e-01 7.724291273927161861e-01
2.802740453356847641e-02 9.719725954664316658e-01
6.414601745181732761e-01 3.585398254818266683e-01
7.974751991024794373e-01 2.025248008975206182e-01
7.642076321584295728e-01 2.357923678415705937e-01
8.283493131681328725e-01 1.716506868318671830e-01
8.734475262955483377e-01 1.265524737044515791e-01
7.842214626288031010e-01 2.157785373711971488e-01
8.306850421168681109e-01 1.693149578831318336e-01
7.858405793451836985e-01 2.141594206548161350e-01
6.118793412797907810e-02 9.388120658720208178e-01
3.445286746105034048e-01 6.554713253894967062e-01
3.455466809944426343e-01 6.544533190055575878e-01
5.470187726759647706e-01 4.529812273240352294e-01
6.572245438041297572e-01 3.427754561958703539e-01
3.643822813694840845e-01 6.356177186305158600e-01
7.781592643673134191e-01 2.218407356326865254e-01
3.296923101748149287e-01 6.703076898251851823e-01
5.706588471786684380e-01 4.293411528213314510e-01
5.533952531101636874e-01 4.466047468898365902e-01
3.810617462795896082e-01 6.189382537204104473e-01
9.283365827575603690e-01 7.166341724243951994e-02
5.868006001093053481e-01 4.131993998906948184e-01
3.143627149951799815e-01 6.856372850048197964e-01
2.723711359542201338e-01 7.276288640457799772e-01
7.361719102803271353e-01 2.638280897196728647e-01
3.527000743490772416e-01 6.472999256509228694e-01
1.742234920559588424e-02 9.825776507944039562e-01
7.777930041531034844e-01 2.222069958468962936e-01
5.776041943115434174e-01 4.223958056884566381e-01
6.859334956648845960e-01 3.140665043351154040e-01
8.939280430018353707e-01 1.060719569981645044e-01
2.033267280947031186e-01 7.966732719052966871e-01
7.808085837973345322e-01 2.191914162026654678e-01
8.791205708183321699e-01 1.208794291816677469e-01
7.998829612965125957e-01 2.001170387034874598e-01
7.905732310684290276e-01 2.094267689315708336e-01
3.277974009380468789e-01 6.722025990619531211e-01
8.962656775878969917e-01 1.037343224121029667e-01
4.631932497206826538e-01 5.368067502793172352e-01
3.673626101525094834e-01 6.326373898474904056e-01
9.410550114372516484e-02 9.058944988562749323e-01
1.483129881703210695e-01 8.516870118296789860e-01
7.642700971332944127e-01 2.357299028667058372e-01
8.759611375692100133e-01 1.240388624307899729e-01
5.712887542091873438e-01 4.287112457908126562e-01
2.183014834801109971e-01 7.816985165198888641e-01
5.936452595984660352e-01 4.063547404015339648e-01
7.974361824798532616e-01 2.025638175201466551e-01
7.113815796258022850e-01 2.886184203741978815e-01
7.559342697110249532e-01 2.440657302889751024e-01
4.188197689494067011e-01 5.811802310505932434e-01
7.337399265027241269e-01 2.662600734972761507e-01
4.554934268533459285e-01 5.445065731466541825e-01
2.520371782178342790e-01 7.479628217821657765e-01
9.317296400739949469e-02 9.068270359926005053e-01
1.252282397539770664e-01 8.747717602460227670e-01
7.758084856491619385e-01 2.241915143508380059e-01
5.695975531377769352e-01 4.304024468622231203e-01
6.530347724934387754e-01 3.469652275065613356e-01
1.851285720057892215e-01 8.148714279942107508e-01
8.186356238089733672e-01 1.813643761910266328e-01
7.823622667117821061e-01 2.176377332882177829e-01
1.214591411767960843e-01 8.785408588232039850e-01
8.653601626323015328e-01 1.346398373676986893e-01
4.357699866677558487e-01 5.642300133322442068e-01
6.630128520827806016e-01 3.369871479172193429e-01
4.351960518849683907e-02 9.564803948115033760e-01
6.648871995055930517e-01 3.351128004944068928e-01
5.000000000000000000e-01 5.000000000000000000e-01
4.390166762906124731e-01 5.609833237093874159e-01
5.000000000000000000e-01 5.000000000000000000e-01
3.317929439453400353e-01 6.682070560546597981e-01
1.790042389146994373e-01 8.209957610853004795e-01
8.624928398272585506e-01 1.375071601727416160e-01
7.873984494986558946e-01 2.126015505013440221e-01
6.571080667650125440e-01 3.428919332349874005e-01
8.618454130592270168e-01 1.381545869407730942e-01
7.471324654660809195e-01 2.528675345339190250e-01
6.093740879824454115e-01 3.906259120175544775e-01
6.623495257313908313e-01 3.376504742686091132e-01
5.470515817121454072e-01 4.529484182878547038e-01
3.595046824193423585e-01 6.404953175806574750e-01
6.191213620768306614e-01 3.808786379231694497e-01
3.043673532869977105e-01 6.956326467130020674e-01
3.432562569381575890e-01 6.567437430618424665e-01
6.389668819058384741e-02 9.361033118094161942e-01
5.397763689416505972e-01 4.602236310583496248e-01
6.289663712495467962e-01 3.710336287504530928e-01
7.580052724131198794e-01 2.419947275868802872e-01
9.036111213732374026e-01 9.638887862676254192e-02
1.761102966096316502e-01 8.238897033903682665e-01
7.275269895907193751e-01 2.724730104092806249e-01
7.367347099976038205e-01 2.632652900023960130e-01
7.086802355778003271e-02 9.291319764422197869e-01
5.589818661920069598e-01 4.410181338079929292e-01
1.600906501753742162e-01 8.399093498246259504e-01
2.190537904824524928e-01 7.809462095175473406e-01
8.969570243986340063e-01 1.030429756013661879e-01
8.044284636652494491e-01 1.955715363347507174e-01
7.341054443119027217e-01 2.658945556880973893e-01
5.603391314822668834e-01 4.396608685177330056e-01
8.931449802480841971e-01 1.068550197519156919e-01
8.679817644134164567e-01 1.320182355865836266e-01
8.026684671427453122e-01 1.973315328572545768e-01
7.480940946287804039e-01 2.519059053712194296e-01
7.178541004563833150e-01 2.821458995436166295e-01
5.935516976304820030e-02 9.406448302369518899e-01
6.904739736029045227e-01 3.095260263970956438e-01
1.570450060469252007e-01 8.429549939530748270e-01
2.964016442040122157e-01 7.035983557959877288e-01
8.113115600261546767e-01 1.886884399738452955e-01
5.705636238332254528e-01 4.294363761667744916e-01
3.855310040474663191e-01 6.144689959525337919e-01
5.467037193481226742e-01 4.532962806518772148e-01
2.754601109415205085e-01 7.245398890584794360e-01
8.193242793598490836e-01 1.806757206401509996e-01
6.713188268732297459e-01 3.286811731267702541e-01
7.404097973715260128e-01 2.595902026284741537e-01
8.810468319702372542e-01 1.189531680297627736e-01
3.328030685313435044e-01 6.671969314686564401e-01
2.859857841091370534e-01 7.140142158908626691e-01
6.592763554716689622e-01 3.407236445283311488e-01
5.469656023634601461e-01 4.530343976365400760e-01
5.205525358620277654e-01 4.794474641379724011e-01
9.200421338687230222e-01 7.995786613127701947e-02
6.329151050330775741e-01 3.670848949669222594e-01
6.402919002588298714e-01 3.597080997411701841e-01
5.866299161602174239e-01 4.133700838397824651e-01
6.411871135930922172e-01 3.588128864069078383e-01
3.393041919915534832e-01 6.606958080084467388e-01
8.794688340989739173e-01 1.205311659010258746e-01
6.515504418662880770e-01 3.484495581337119785e-01
5.321719990375288756e-01 4.678280009624711799e-01
3.907155508066626481e-01 6.092844491933373519e-01
8.671820850700687755e-01 1.328179149299313078e-01
8.493744052437373071e-01 1.506255947562627484e-01
3.233721839699041367e-01 6.766278160300961408e-01
7.936371694606635385e-01 2.063628305393367668e-01
6.823043852490383587e-01 3.176956147509616413e-01
3.300112288837472874e-01 6.699887711162526571e-01
3.334392384455950320e-02 9.666560761554405801e-01
4.106521616195358271e-01 5.893478383804642284e-01
8.352886363420078952e-01 1.647113636579922435e-01
2.796683062040863921e-01 7.203316937959138855e-01
6.315642529481343415e-01 3.684357470518657141e-01
4.634012151882659913e-01 5.365987848117339531e-01
1.759730074526232035e-01 8.240269925473768797e-01
7.797634080786851607e-01 2.202365919213146450e-01
2.561893240739576139e-01 7.438106759260423306e-01
8.275569592645291017e-01 1.724430407354710093e-01
3.006547556653675624e-02 9.699345244334632854e-01
8.995521918990606602e-01 1.004478081009391732e-01
3.025526947391642962e-01 6.974473052608357593e-01
8.962393559629828754e-01 1.037606440370169025e-01
6.372758299770346913e-01 3.627241700229652532e-01
9.257518336046151042e-01 7.424816639538497909e-02
4.466641069184688062e-01 5.533358930815313048e-01
6.674797460217812839e-01 3.325202539782187716e-01
2.785981394729509231e-01 7.214018605270490214e-01
2.140880893127544427e-01 7.859119106872458627e-01
4.806284476622212365e-01 5.193715523377787635e-01
6.724497008582018820e-01 3.275502991417980070e-01
7.496121451947156400e-01 2.503878548052842490e-01
5.116904136742164155e-01 4.883095863257835290e-01
1.860375097857191184e-01 8.139624902142806873e-01
6.989237364950734444e-01 3.010762635049264446e-01
5.967269222917733762e-01 4.032730777082267903e-01
7.112225035272474738e-01 2.887774964727525262e-01
8.624942903973190633e-01 1.375057096026809922e-01
7.467865908200117531e-01 2.532134091799883580e-01
5.218229404543250904e-01 4.781770595456747985e-01
8.122609578573641853e-01 1.877390421426357592e-01
7.061167079577037597e-01 2.938832920422961292e-01
9.405941357547144277e-02 9.059405864245285711e-01
4.649089741094508677e-01 5.350910258905492434e-01
7.273383497334375836e-01 2.726616502665623609e-01
7.208202687826696931e-01 2.791797312173304180e-01
2.115782815220399182e-01 7.884217184779599430e-01
7.430444273072909223e-01 2.569555726927091888e-01
6.978860479200149625e-01 3.021139520799850930e-01
3.599615094367247248e-01 6.400384905632752197e-01
7.730106458914760559e-01 2.269893541085239996e-01
6.634468072527203164e-01 3.365531927472796836e-01
7.366154909614092139e-01 2.633845090385907861e-01
5.562654106789550745e-01 4.437345893210448144e-01
5.401744529848885312e-01 4.598255470151115243e-01
3.124916761706942325e-01 6.875083238293058230e-01
9.141508653511817295e-01 8.584913464881813172e-02
5.354125540698762009e-01 4.645874459301237436e-01
6.169492700959913201e-01 3.830507299040088465e-01
3.105719303077684179e-01 6.894280696922316931e-01
7.855576697094852623e-01 2.144423302905146822e-01
5.236309471455681264e-01 4.763690528544318736e-01
4.008461928627682913e-01 5.991538071372316532e-01
6.046576872378590650e-01 3.953423127621407684e-01
4.761055085394096387e-01 5.238944914605903058e-01
7.866777259626513974e-01 2.133222740373485193e-01
2.851704868935675541e-01 7.148295131064325014e-01
8.849228857622236655e-01 1.150771142377761125e-01
1.747767987922070887e-01 8.252232012077930223e-01
3.244368776924844711e-01 6.755631223075156955e-01
6.432858938848258212e-01 3.567141061151741788e-01
8.798863923920656471e-02 9.120113607607934769e-01
9.325155374914153583e-01 6.748446250858455842e-02
8.138727022818111889e-01 1.861272977181886168e-01
6.405948692446462589e-01 3.594051307553536856e-01
1.512566414920185065e-01 8.487433585079816600e-01
2.342279815399661569e-01 7.657720184600339541e-01
3.526855172916359971e-01 6.473144827083641140e-01
2.312905388254886119e-01 7.687094611745115547e-01
7.971275781577907837e-01 2.028724218422091885e-01
1.109263262914754883e-01 8.890736737085245256e-01
5.000000000000000000e-01 5.000000000000000000e-01
4.748882221699231576e-01 5.251117778300767869e-01
7.413637948407865164e-01 2.586362051592134836e-01
1.373615149267354285e-01 8.626384850732645715e-01
3.435805860286743618e-01 6.564194139713254161e-01
4.390824234118588243e-01 5.609175765881413422e-01
5.315418519223752414e-01 4.684581480776247031e-01
2.781866325184004785e-01 7.218133674815996326e-01
8.811771802821359856e-01 1.188228197178640283e-01
7.821716088965280367e-01 2.178283911034718523e-01
1.715728887720558149e-01 8.284271112279442129e-01
6.064510305953306757e-01 3.935489694046694908e-01
6.502497770995189219e-01 3.497502229004809116e-01
6.722757972409858507e-01 3.277242027590142603e-01
3.660469596842211848e-01 6.339530403157788152e-01
7.892862709041931213e-02 9.210713729095805213e-01
2.368523014488330414e-01 7.631476985511671529e-01
7.003926243901501536e-01 2.996073756098496244e-01
8.510097094962392195e-01 1.489902905037608638e-01
1.518748102651293896e-01 8.481251897348706104e-01
6.070938456973626884e-01 3.929061543026374226e-01
2.419331963517197259e-01 7.580668036482801631e-01
1.141982638511507830e-01 8.858017361488491614e-01
7.997567344301294012e-01 2.002432655698704600e-01
8.336188297577125372e-02 9.166381170242288157e-01
8.510107211280997230e-01 1.489892788719002492e-01
1.020164850367297482e-01 8.979835149632704461e-01
7.972204347247046075e-01 2.027795652752955036e-01
4.255436389093111282e-01 5.744563610906887607e-01
7.018461532454458585e-01 2.981538467545539195e-01
3.451508776239182175e-01 6.548491223760815050e-01
8.074635323627751826e-02 9.192536467637224540e-01
8.528657248770062926e-01 1.471342751229935963e-01
3.543306825524830117e-01 6.456693174475168773e-01
3.157195830811976300e-01 6.842804169188022589e-01
3.304038558305364970e-01 6.695961441694636695e-01
5.462891291034812635e-01 4.537108708965187365e-01
5.847415087702799719e-01 4.152584912297201947e-01
7.968877054467191079e-02 9.203112294553281725e-01
9.314964404843277812e-01 6.850355951567227430e-02
5.112858791458023688e-01 4.887141208541975756e-01
5.899380666220956915e-01 4.100619333779041975e-01
8.980158942568191582e-01 1.019841057431807863e-01
4.843028641131375545e-01 5.156971358868623900e-01
1.028084831102223512e-01 8.971915168897779402e-01
4.232875425335393405e-01 5.767124574664606040e-01
5.962138125590190629e-01 4.037861874409809926e-01
8.626744879213312789e-01 1.373255120786686101e-01
8.398925827883813033e-01 1.601074172116187799e-01
7.995156176056211761e-01 2.004843823943790460e-01
4.120884654760435528e-01 5.879115345239565027e-01
8.109406232704405859e-01 1.890593767295593863e-01
8.814763911063907553e-01 1.185236088936092169e-01
3.289146870962424418e-01 6.710853129037573916e-01
8.589955556439325957e-01 1.410044443560674321e-01
6.858219794206030784e-01 3.141780205793966996e-01
7.611115648988990845e-01 2.388884351011008322e-01
1.954481582162736486e-01 8.045518417837264069e-01
1.436454521626489844e-01 8.563545478373510988e-01
7.078593838961069196e-01 2.921406161038930804e-01
5.683803855775559910e-02 9.431619614422444009e-01
7.501902356629662760e-01 2.498097643370336129e-01
7.636413146764637894e-01 2.363586853235362939e-01
2.282328713257125441e-01 7.717671286742874281e-01
7.429447164827260863e-01 2.570552835172738027e-01
2.969095205733955911e-01 7.030904794266041868e-01
5.000000000000000000e-01 5.000000000000000000e-01
7.782687977236818488e-01 2.217312022763179846e-01
7.015801461566141262e-01 2.984198538433855963e-01
5.258996791368542728e-02 9.474100320863146907e-01
6.125636103484850548e-01 3.874363896515148342e-01
9.979704341471834494e-02 9.002029565852814885e-01
4.636173281942742586e-01 5.363826718057258525e-01
6.106347012740858116e-01 3.893652987259141329e-01
9.096341471789385347e-01 9.036585282106152084e-02
1.909556173812683721e-01 8.090443826187317944e-01
4.971251683813948663e-02 9.502874831618606244e-01
5.398173721991144092e-01 4.601826278008857574e-01
6.402787234703207764e-01 3.597212765296791681e-01
9.124502509299871056e-01 8.754974907001268625e-02
5.469666519978046981e-01 4.530333480021951909e-01
8.220794894253765639e-01 1.779205105746234361e-01
2.345600094811367831e-01 7.654399905188633557e-01
8.055327019409603828e-01 1.944672980590395617e-01
2.703892373478309907e-01 7.296107626521689538e-01
8.007843645116186071e-01 1.992156354883813096e-01
2.203066808745146876e-01 7.796933191254852291e-01
8.149129202486106172e-01 1.850870797513895771e-01
3.846295419050101971e-01 6.153704580949898029e-01
8.071816376828476747e-01 1.928183623171524363e-01
5.275451804810209200e-02 9.472454819518980607e-01
9.235282055412133984e-01 7.647179445878649062e-02
6.206029856232477826e-01 3.793970143767523284e-01
7.974583578898229996e-01 2.025416421101770836e-01
3.451204673618233909e-01 6.548795326381766646e-01
4.453490373842513006e-01 5.546509626157486439e-01
4.781980416277949453e-01 5.218019583722052213e-01
6.595373788875108501e-01 3.404626211124892055e-01
4.611003025562207536e-01 5.388996974437791909e-01
7.999422485261779014e-01 2.000577514738218765e-01
8.040561465502780170e-01 1.959438534497220386e-01
7.050372623867416921e-01 2.949627376132583634e-01
3.524980132228916485e-02 9.647501986777108351e-01
8.366701683426848168e-01 1.633298316573150444e-01
7.323794089489232828e-01 2.676205910510767727e-01
2.910342629377298262e-01 7.089657370622700627e-01
7.113332164828713999e-01 2.886667835171285446e-01
4.594370991926781667e-01 5.405629008073218333e-01
7.330420551838353616e-01 2.669579448161646940e-01
9.119923526167988959e-01 8.800764738320090985e-02
9.182007041197539632e-01 8.179929588024634213e-02
6.955107766972455918e-01 3.044892233027540751e-01
6.290776877029662373e-01 3.709223122970338182e-01
3.066179791646675978e-01 6.933820208353324022e-01
8.758507014200158647e-01 1.241492985799839965e-01
8.469058050357359813e-01 1.530941949642638245e-01
8.285884659052071832e-01 1.714115340947928723e-01
5.563115047008251324e-01 4.436884952991748676e-01
2.933098630347574232e-01 7.066901369652426323e-01
7.277602728721360714e-01 2.722397271278637620e-01
8.396736779293806352e-01 1.603263220706193093e-01
3.917758926010612708e-01 6.082241073989387292e-01
8.346760674126312285e-01 1.653239325873685495e-01
7.737657873431488254e-01 2.262342126568511469e-01
1.078438503186259362e-01 8.921561496813741332e-01
8.276920314816751389e-01 1.723079685183249721e-01
8.639776025082237521e-01 1.360223974917762479e-01
4.086250409410093209e-01 5.913749590589906235e-01
6.616009268408744592e-01 3.383990731591254852e-01
1.646175012827412742e-01 8.353824987172586702e-01
3.764870603486815681e-01 6.235129396513185984e-01
8.560390927645677994e-01 1.439609072354321451e-01
8.473073058554503323e-01 1.526926941445495844e-01
2.864981631942938867e-01 7.135018368057060023e-01
3.034115879770822310e-01 6.965884120229176579e-01
4.285051091561548620e-01 5.714948908438451936e-01
1.117275059735678422e-01 8.882724940264321578e-01
5.780687217428713831e-01 4.219312782571286169e-01
3.045948788756863146e-01 6.954051211243136299e-01
8.539195010735787239e-01 1.460804989264212206e-01
8.077258795018777970e-01 1.922741204981220642e-01
5.982128472899534977e-01 4.017871527100465578e-01
4.904962268857079866e-01 5.095037731142919579e-01
8.304556453981981612e-01 1.695443546018017000e-01
5.470599592207036066e-01 4.529400407792963379e-01
8.692479444109498798e-01 1.307520555890502312e-01
4.026740810080940425e-01 5.973259189919059020e-01
1.339477715415969272e-01 8.660522284584030173e-01
5.973602167837421817e-01 4.026397832162578183e-01
7.376109084627628931e-01 2.623890915372368848e-01
4.575701449798931786e-01 5.424298550201066549e-01
8.544191396081425305e-01 1.455808603918573862e-01
7.515175569321000948e-01 2.484824430678995721e-01
1.658652795674341596e-01 8.341347204325658682e-01
5.272497784464309500e-01 4.727502215535690500e-01
3.926020289900375437e-02 9.607397971009963289e-01
2.665345789448194669e-01 7.334654210551806441e-01
5.578803269043686175e-01 4.421196730956314935e-01
3.515041741119348528e-01 6.484958258880652027e-01
8.061487331227196185e-01 1.938512668772805758e-01
4.941186150986452974e-01 5.058813849013548136e-01
4.346657923185483496e-01 5.653342076814515949e-01
2.779852141868685012e-01 7.220147858131311658e-01
3.842666217396585870e-01 6.157333782603413574e-01
9.161044700134142182e-01 8.389552998658569849e-02
5.000000000000000000e-01 5.000000000000000000e-01
7.450074923735134913e-01 2.549925076264864532e-01
4.241423700607593883e-01 5.758576299392405007e-01
1.169515335924388305e-01 8.830484664075610723e-01
8.671697603412090727e-01 1.328302396587909828e-01
6.208818127303360468e-01 3.791181872696641197e-01
5.444196340061419059e-01 4.555803659938582051e-01
8.889204707585544041e-01 1.110795292414453878e-01
3.643000449510976346e-01 6.356999550489024209e-01
8.009853230581762684e-01 1.990146769418238981e-01
2.404163085959392376e-01 7.595836914040606791e-01
4.067320357337616543e-01 5.932679642662384012e-01
6.132609329233101869e-01 3.867390670766899796e-01
2.575146522705237806e-01 7.424853477294759418e-01
9.247408618836113758e-01 7.525913811638861028e-02
6.314771569401860241e-01 3.685228430598140870e-01
7.146378309885431657e-02 9.285362169011457389e-01
1.291688841391673837e-01 8.708311158608325053e-01
6.017848495534907638e-01 3.982151504465091252e-01
3.587248576636902775e-01 6.412751423363096670e-01
7.620629610281638433e-01 2.379370389718362122e-01
1.664242221725487081e-01 8.335757778274512919e-01
8.956930015352352337e-01 1.043069984647648080e-01
4.724984599792036999e-01 5.275015400207961891e-01
6.679266380463830810e-01 3.320733619536169190e-01
5.000000000000000000e-01 5.000000000000000000e-01
6.498494228441000775e-01 3.501505771559001445e-01
7.207121648742949027e-01 2.792878351257050973e-01
5.863299994383353031e-01 4.136700005616648634e-01
5.765370070057325158e-01 4.234629929942673177e-01
